1000
917 423
786 640
790 991
334 597
23 46
566 321
786 529
826 15
678 325
692 498
140 19
978 285
403 919
374 27
763 405
529 989
920 856
734 713
428 162
721 125
431 935
78 828
296 457
838 293
622 759
681 712
543 560
859 91
494 225
289 26
517 27
525 831
819 402
733 60
45 343
385 320
347 9
684 730
920 393
896 474
111 274
18 14
619 415
704 898
637 618
825 349
936 436
707 556
141 207
273 18
98 429
787 486
504 154
764 308
342 719
378 353
425 324
551 651
805 17
989 850
223 649
844 111
350 729
820 428
260 996
626 826
942 403
455 524
903 982
847 691
220 65
922 477
844 489
814 301
911 1
167 591
504 377
156 15
50 749
759 377
685 686
153 174
177 321
760 64
560 258
697 811
52 680
946 195
542 103
50 617
679 586
802 970
888 298
657 687
73 11
116 655
331 34
330 447
272 601
323 542
422 950
241 612
542 58
905 497
652 632
862 304
76 604
444 329
455 896
366 439
204 130
325 10
387 931
846 786
679 764
190 495
553 579
771 389
970 405
140 93
86 228
312 677
219 577
801 961
211 24
468 140
411 888
372 955
184 671
539 502
48 377
101 870
213 269
447 567
931 439
544 527
933 848
170 135
58 223
959 552
932 800
30 993
924 498
596 797
564 567
784 840
999 370
139 709
815 78
745 213
626 551
472 705
427 693
411 661
216 338
951 221
985 43
693 308
488 736
879 988
771 733
510 421
676 107
90 86
578 497
205 55
357 536
895 105
971 889
229 424
458 205
542 724
278 416
127 280
961 895
964 947
62 953
17 268
332 690
994 681
243 201
842 839
174 776
700 865
186 109
734 214
399 728
295 70
735 810
138 839
586 777
455 110
773 471
871 512
703 142
963 913
960 178
845 331
276 483
107 994